Results at 100000
18 |          4 | 0.00004
19 |        152 | 0.00152
20 |       2205 | 0.02205
21 |      12303 | 0.12303
22 |      29400 | 0.29400
23 |      33195 | 0.33195
24 |      17602 | 0.17602
25 |       4580 | 0.04580
26 |        527 | 0.00527
27 |         32 | 0.00032

Results at 100000
18 |          2 | 0.00002
19 |        149 | 0.00149
20 |       2040 | 0.02040
21 |      11338 | 0.11338
22 |      28254 | 0.28254
23 |      32891 | 0.32891
24 |      19170 | 0.19170
25 |       5358 | 0.05358
26 |        750 | 0.00750
27 |         45 | 0.00045
28 |          3 | 0.00003

Results at 100000
17 |         10 | 0.00010
18 |        286 | 0.00286
19 |       4238 | 0.04238
20 |      18119 | 0.18119
21 |      28046 | 0.28046
22 |      22235 | 0.22235
23 |      13928 | 0.13928
24 |       8095 | 0.08095
25 |       3715 | 0.03715
26 |       1069 | 0.01069
27 |        230 | 0.00230
28 |         28 | 0.00028
29 |          1 | 0.00001

Greedy 1
Results at 400
14 |          8 | 0.02000
15 |         68 | 0.17000
16 |        142 | 0.35500
17 |        130 | 0.32500
18 |         47 | 0.11750
19 |          2 | 0.00500
Greedy better knowledge
Results at 398
14 |         12 | 0.03015
15 |         74 | 0.18593
16 |        141 | 0.35427
17 |        137 | 0.34422
18 |         33 | 0.08291
19 |          3 | 0.00754
better price
Results at 398
14 |         12 | 0.03015
15 |         74 | 0.18593
16 |        141 | 0.35427
17 |        137 | 0.34422
18 |         33 | 0.08291
19 |          3 | 0.00754
